function_1: 0.003096-0.015342
function_2: 0.995960-0.302626
function_3: 0.588952-0.743293-0.011421
function_4: 0.324718-0.337697-0.334311-0.392052
function_5: 0.185571-0.824153-0.948712-0.979760
function_6: 0.069378-0.524118-0.199547-0.856631-0.025358
function_7: 0.294301-0.118676-0.484343-0.325790-0.159802-0.931507
function_8: 0.092632-0.264766-0.024995-0.265425-0.667367-0.051237-0.095473-0.442073
