function_1: 0.012238-0.976886
function_2: 0.976766-0.020969
function_3: 0.058302-0.996508-0.852649
function_4: 0.366303-0.572518-0.485293-0.552972
function_5: 0.218549-0.899971-0.971768-0.931623
function_6: 0.522684-0.117039-0.907657-0.771524-0.041638
function_7: 0.099302-0.020511-0.938158-0.004937-0.060092-0.968777
function_8: 0.314321-0.462935-0.004773-0.165050-0.849560-0.946149-0.075651-0.808843
