function_1: 0.000092-0.991177
function_2: 0.718693-0.783068
function_3: 0.206391-0.465088-0.309024
function_4: 0.423371-0.098478-0.466326-0.439897
function_5: 0.699431-0.999999-0.999999-0.999999
function_6: 0.729477-0.423161-0.703560-0.836322-0.200699
function_7: 0.848259-0.000000-0.999999-0.668875-0.000000-0.999999
function_8: 0.349519-0.265082-0.454653-0.448293-0.440973-0.456735-0.448389-0.621001
