function_1: 0.000069-0.992322
function_2: 0.999999-0.999999
function_3: 0.567864-0.748902-0.048521
function_4: 0.416243-0.382873-0.372901-0.432460
function_5: 0.021933-0.990981-0.919130-0.988763
function_6: 0.721833-0.246550-0.734369-0.611496-0.000000
function_7: 0.006908-0.129532-0.484908-0.031440-0.077654-0.992662
function_8: 0.094469-0.178320-0.002054-0.061263-0.860762-0.819836-0.047864-0.719353
