function_1: 0.001680-0.995053
function_2: 0.999611-0.005957
function_3: 0.994992-0.007886-0.008697
function_4: 0.449055-0.459191-0.447611-0.175417
function_5: 0.422325-0.739748-0.388969-0.993772
function_6: 0.299818-0.260746-0.770707-0.762085-0.012732
function_7: 0.008162-0.673426-0.062393-0.029021-0.003312-0.760771
function_8: 0.028063-0.148217-0.126081-0.239461-0.595120-0.531112-0.149963-0.740981
