function_1: 0.000000-1.000000
function_2: 1.000000-0.000000
function_3: 0.570957-1.000000-1.000000
function_4: 0.000000-0.000000-0.197642-0.000000
function_5: 0.000000-1.000000-1.000000-1.000000
function_6: 0.000000-0.000000-1.000000-1.000000-0.000000
function_7: 0.000000-0.391404-0.118670-0.000000-0.127948-0.996521
function_8: 0.049003-0.000000-0.000000-0.746439-1.000000-1.000000-0.000000-0.924122
